100 90 90 90 100 90 90 100 90 90 100 90	90 90 90 85 55 100 85 85 90 55 88 90 95 85 85
90 90 90 90 90 90 90 90 90 90 90 90 90	90 90 65 80 100 80 65 90 80 91 85 77 85 74
90 100 70 100 90 70 70 90 100 70 90 100	70 100 70 85 95 100 95 85 70 95 83 77 85 85 88
95 100 80 100 95 80 80 95 100 80 95 100	80 100 80 90 100 100 100 90 80 100 77 95 100 85 90
95 100 90 100 95 90 90 95 100 90 95 100	90 100 90 45 100 90 100 45 90 100 69 58 91 98 88
90 80 90 80 90 90 90 90 80 90 90 80 90	80 90 90 95 90 95 90 90	95 80 88 80 88 92
80 100 90 100 80 90 90 80 100 90 80 100	90 100 90 75 85 90 85 75 90 85 92 82 72 77 75
90 100 90 100 90 90 90 90 100 90 90 100	90 100 90 85 75 100 75 85 90 75 74 91 67 85 85
90 100 90 100 90 90 90 90 100 90 90 100	90 100 90 90 65 100 65 90 90 65	89 80 85 90 74
70 90 90 90 70 90 90 70 90 90 70 90 90	90 90 90 80 100 80 26 90 80 62 80 79 88 80 
95 100 90 60 95 90 95 90 75 90 95 40	90 90 80 65 70 90 80 45 90 80 69 58 91 98 88
90 80 95 80 90 90 90 90 80 60 90 80 90	80 90 70 95 90 95 95 90	95 80 88 80 88 92
80 100 70 100 80 90 60 80 100 90 40 100	90 80 50 75 85 90 85 75 90 85 92 82 72 77 75
90 100 90 100 90 90 90 90 60 90 90 60	90 80 90 85 75 100 75 85 90 75 74 91 67 85 85
90 100 90 100 80 90 70 90 100 90 90 80	60 90 50 90 45 100 65 90 90 65	89 80 85 90 74
70 90 90 90 70 80 90 70 90 90 70 90 80	90 90 90 80 80 80 80 90 80 62 80 79 88 80 
95 100 90 100 69 90 90 81 100 90 95 67	90 100 90 45 100 70 70 45 90 100 69 58 91 98 88
90 80 90 80 90 70 90 90 80 50 90 80 90	80 90 50 95 70 95 90 70	95 80 88 80 88 92
80 100 90 100 80 90 90 90 100 70 60 100	90 60 90 75 55 90 85 75 90 85 92 82 72 77 75
90 100 90 60 90 90 90 60 100 90 90 100	90 100 60 95 85 100 85 85 90 75 74 91 67 85 85
90 100 90 100 80 90 90 90 70 90 90 70	90 100 90 90 65 100 95 70 90 65	89 80 85 90 74
70 90 90 90 70 80 90 70 90 80 70 90 80	90 90 90 80 100 80 26 50 80 62 80 79 88 80 
